# 한글탑 테스트 비행 GPS 경로
WPT_1: [37.5624763, 126.9365579, 15.0]
WPT_2: [37.5625677, 126.9366062, 15.0]
WPT_3: [37.562522, 126.9367752, 15.0]